[Variables]
calibrated_encoder_resolution = 1.349527665317139
calibrated_extruder_to_selector_length = 407.5042629999994
calibrated_nozzle_to_extruder_length = None
calibrated_nozzle_to_sensor_length = 55.66
calibrated_sensor_to_extruder_length = 567.6197659999998
calibrated_tool_extrusion_factor = [1.0, 1.0, 1.0, 1.0, 1.0, 1.0, 1.0, 1.0, 1.0]
color_selector_positions = [1.7, 23.2, 44, 70.4, 91.2, 112, 138.38125, 159.2, 180.8]

